4294967279,87
4294967279,86
4294967279,541
4294967279,95
4294967279,94
4294967279,93
4294967279,92
4294967279,91
4294967279,90
4294967279,89
4294967279,254
4294967278,278
4294967279,253
4294967279,518
4294967278,327
4294967279,109
4294967279,108
4294967279,107
4294967279,106
4294967279,105
4294967279,104
4294967279,103
4294967279,102
4294967279,101
4294967279,100
4294967279,99
4294967279,98
4294967279,97
4294967279,96
4294967294,119
4294967278,383
4294967294,75
4294967294,169
4294967294,183
4294967294,174
4294967294,173
4294967294,18
4294967294,127
4294967294,14
4294967294,126
4294967294,20
4294967294,13
4294967294,104
4294967294,162
4294967294,450
4294967278,8
4294967278,7
4294967278,6
4294967278,5
4294967278,4
4294967279,132
4294967279,131
4294967279,129
4294967279,127
4294967279,126
4294967279,125
4294967279,124
4294967279,123
4294967279,122
4294967279,121
4294967279,120
4294967279,119
4294967279,118
4294967279,117
4294967279,116
4294967279,115
4294967279,114
4294967279,113
4294967279,112
4294967279,111
4294967279,110
4294967279,130
4294967279,515
4294967294,942
4294967294,941
4294967294,939
4294967294,938
4294967294,933
4294967294,922
4294967294,436
4294967294,158
4294967294,157
4294967294,156
4294967294,155
4294967294,60
4294967279,514
4294967279,128
4294967278,59
4294967278,58
4294967278,57
4294967278,56
4294967278,54
4294967278,53
4294967278,52
4294967278,51
4294967278,335
4294967278,50
4294967278,300
4294967278,49
4294967278,359
4294967278,48
4294967278,47
4294967278,298
4294967278,46
4294967278,45
4294967278,44
4294967278,43
4294967278,42
4294967278,334
4294967278,41
4294967278,40
4294967278,39
4294967278,38
4294967278,37
4294967278,331
4294967278,36
4294967278,332
4294967278,35
4294967278,330
4294967278,34
4294967278,33
4294967278,293
4294967278,32
4294967278,31
4294967278,30
4294967278,29
4294967278,28
4294967278,27
4294967278,26
4294967278,25
4294967278,24
4294967278,23
4294967278,289
4294967278,22
4294967278,21
4294967278,20
4294967278,284
4294967278,19
4294967278,275
4294967278,18
4294967278,17
4294967278,16
4294967278,15
4294967278,14
4294967278,321
4294967278,13
4294967278,12
4294967278,11
4294967278,10
4294967278,9
4294967279,77
4294967279,76
4294967279,69
4294967279,68
4294967279,66
4294967279,62
4294967279,60
4294967279,59
4294967279,55
4294967279,53
4294967279,48
4294967279,46
4294967279,44
4294967279,42
4294967279,40
4294967279,34
4294967279,32
4294967279,30
4294967279,29
4294967279,28
4294967279,26
4294967279,25
4294967279,23
4294967279,19
4294967279,17
4294967279,16
4294967279,14
4294967279,11
4294967279,10
4294967279,9
4294967278,255
4294967278,350
4294967279,273
4294967278,251
72,6
4294967278,242
72,5
72,4
72,3
72,2
72,1
4294967278,239
4294967278,348
4294967279,575
4294967278,235
4294967278,231
4294967278,228
4294967278,226
4294967278,220
4294967278,224
4294967278,222
4294967278,218
4294967278,216
4294967278,214
4294967278,213
4294967279,525
4294967279,574
4294967278,209
4294967278,319
4294967278,207
4294967278,206
4294967278,205
69,6
69,5
4294967278,204
69,4
69,3
69,2
69,1
4294967278,203
4294967278,200
4294967278,382
4294967279,573
4294967278,199
4294967278,198
4294967278,315
4294967279,572
4294967278,197
4294967278,195
4294967278,194
4294967278,193
4294967278,191
4294967279,191
4294967278,190
4294967278,364
4294967279,190
4294967278,189
4294967279,189
4294967278,381
4294967279,74
4294967279,535
4294967278,186
4294967278,336
4294967279,73
4294967279,558
4294967278,185
4294967279,185
4294967278,184
4294967279,71
4294967279,184
4294967279,557
4294967278,183
4294967279,183
4294967279,182
4294967278,181
4294967278,178
4294967279,181
66,6
4294967278,180
66,5
4294967279,180
66,4
4294967278,179
66,3
66,2
66,1
4294967278,308
4294967279,179
4294967278,307
4294967278,55
4294967279,64
4294967279,301
4294967278,306
4294967279,63
4294967279,176
4294967279,299
4294967278,305
4294967279,175
4294967278,173
4294967279,173
4294967279,298
4294967278,172
4294967279,172
4294967278,171
4294967278,170
4294967279,170
4294967278,167
4294967278,169
4294967279,169
4294967278,168
4294967279,168
4294967279,52
4294967294,388
4294967279,166
4294967279,165
4294967279,294
4294967279,164
4294967294,967
4294967294,413
4294967294,407
4294967294,919
4294967294,118
4294967294,405
4294967294,108
4294967279,50
4294967279,293
4294967279,161
4294967279,571
4294967279,49
4294967279,160
4294967279,159
4294967279,158
4294967279,155
63,5
4294967279,154
63,4
63,3
63,2
63,1
4294967279,153
4294967279,151
4294967279,150
4294967279,528
4294967294,1418
4294967279,149
4294967294,964
4294967294,966
4294967294,170
4294967279,36
4294967279,526
4294967279,146
4294967279,570
4294967279,35
4294967279,145
4294967279,144
4294967279,524
4294967279,143
4294967279,141
61,5
4294967279,140
61,4
